v=(1,2,3,4,5,6,7,32) t=4/33 gap=4/33 bind=(1,32)
v=(1,2,3,4,5,7,12,32) t=4/33 gap=4/33 bind=(1,32)
v=(1,3,4,5,6,7,11,32) t=4/33 gap=4/33 bind=(1,32)
v=(1,3,4,5,7,11,12,32) t=4/33 gap=4/33 bind=(1,32)
v=(1,3,4,5,7,11,18,32) t=4/33 gap=4/33 bind=(1,32)
v=(1,4,5,6,7,10,11,32) t=4/33 gap=4/33 bind=(1,32)
v=(1,4,5,6,7,11,13,32) t=4/33 gap=4/33 bind=(1,32)
v=(1,4,5,6,7,11,23,32) t=4/33 gap=4/33 bind=(1,32)
v=(1,4,5,6,7,11,26,32) t=4/33 gap=4/33 bind=(1,32)
v=(1,4,5,6,7,11,32,36) t=4/33 gap=4/33 bind=(1,32)
