v=(1,2,3,4,5,6,7,16) t=2/17 gap=2/17 bind=(1,16)
v=(1,2,3,4,5,7,8,12) t=3/17 gap=2/17 bind=(5,12)
v=(1,2,3,4,5,7,12,16) t=2/17 gap=2/17 bind=(1,16)
v=(1,2,5,6,7,8,11,13) t=6/17 gap=2/17 bind=(6,11)
v=(1,4,5,6,7,8,11,13) t=6/17 gap=2/17 bind=(6,11)
v=(1,4,5,6,7,11,13,16) t=2/17 gap=2/17 bind=(1,16)
v=(1,5,6,7,8,11,13,21) t=6/17 gap=2/17 bind=(6,11)
v=(2,4,6,8,10,14,16,24) t=3/34 gap=4/34 bind=(10,24)
v=(2,4,10,12,14,16,22,26) t=6/34 gap=4/34 bind=(12,22)
v=(2,8,10,12,14,16,22,26) t=6/34 gap=4/34 bind=(12,22)
