v=(1,2,3,4,5,6,7,16) t=2/17 gap=2/17 bind=(1,16)
v=(1,2,3,4,5,7,8,12) t=3/17 gap=2/17 bind=(5,12)
v=(1,2,3,4,5,7,12,16) t=2/17 gap=2/17 bind=(1,16)
v=(1,2,5,6,7,8,11,13) t=6/17 gap=2/17 bind=(6,11)
v=(1,4,5,6,7,8,11,13) t=6/17 gap=2/17 bind=(6,11)
v=(1,4,5,6,7,11,13,16) t=2/17 gap=2/17 bind=(1,16)
v=(1,5,6,7,8,11,13,21) t=6/17 gap=2/17 bind=(6,11)
v=(2,4,6,8,10,12,14,32) t=2/34 gap=4/34 bind=(2,32)
v=(2,4,6,8,10,14,16,24) t=3/34 gap=4/34 bind=(10,24)
v=(2,4,6,8,10,14,24,32) t=2/34 gap=4/34 bind=(2,32)
v=(2,4,10,12,14,16,22,26) t=6/34 gap=4/34 bind=(12,22)
v=(2,8,10,12,14,16,22,26) t=6/34 gap=4/34 bind=(12,22)
v=(2,8,10,12,14,22,26,32) t=2/34 gap=4/34 bind=(2,32)
v=(2,10,12,14,16,22,26,42) t=6/34 gap=4/34 bind=(12,22)
v=(3,6,9,12,15,18,21,48) t=2/51 gap=6/51 bind=(3,48)
v=(3,6,9,12,15,21,24,36) t=3/51 gap=6/51 bind=(15,36)
v=(3,6,9,12,15,21,36,48) t=2/51 gap=6/51 bind=(3,48)
v=(3,6,15,18,21,24,33,39) t=6/51 gap=6/51 bind=(18,33)
v=(3,12,15,18,21,24,33,39) t=6/51 gap=6/51 bind=(18,33)
v=(3,12,15,18,21,33,39,48) t=2/51 gap=6/51 bind=(3,48)
v=(4,8,12,16,20,28,32,48) t=3/68 gap=8/68 bind=(20,48)
