v=(1,2,3,4,5,6,7,24) t=3/25 gap=3/25 bind=(1,24)
v=(1,2,3,4,5,7,12,24) t=3/25 gap=3/25 bind=(1,24)
v=(1,3,4,5,7,11,13,24) t=3/25 gap=3/25 bind=(1,24)
v=(1,3,4,5,7,13,24,29) t=3/25 gap=3/25 bind=(1,24)
v=(1,4,5,6,7,11,13,24) t=3/25 gap=3/25 bind=(1,24)
v=(1,5,6,7,8,11,13,19) t=12/25 gap=3/25 bind=(6,19)
v=(2,4,6,8,10,12,14,48) t=3/50 gap=6/50 bind=(2,48)
v=(2,4,6,8,10,14,24,48) t=3/50 gap=6/50 bind=(2,48)
v=(2,6,8,10,14,22,26,48) t=3/50 gap=6/50 bind=(2,48)
v=(2,8,10,12,14,22,26,48) t=3/50 gap=6/50 bind=(2,48)
v=(2,10,12,14,16,22,26,38) t=12/50 gap=6/50 bind=(12,38)
