v=[1, 2, 3, 4, 5, 6, 14] gap=2/15
v=[1, 3, 4, 5, 6, 7, 11] gap=2/15
v=[1, 3, 4, 5, 7, 11, 12] gap=2/15
v=[1, 3, 4, 5, 7, 11, 18] gap=2/15
v=[1, 3, 4, 5, 7, 11, 24] gap=2/15
v=[1, 3, 4, 5, 13, 14, 18] gap=2/15
v=[1, 4, 5, 6, 7, 10, 11] gap=2/15
v=[1, 4, 5, 6, 7, 11, 16] gap=2/15
v=[1, 4, 5, 6, 7, 11, 26] gap=2/15
v=[1, 4, 5, 6, 7, 11, 39] gap=2/15
v=[2, 4, 6, 8, 10, 12, 28] gap=2/15
v=[2, 6, 7, 8, 10, 13, 14] gap=2/15
v=[2, 6, 8, 10, 12, 14, 22] gap=2/15
v=[2, 6, 8, 10, 14, 22, 24] gap=2/15
v=[2, 6, 8, 10, 14, 22, 36] gap=2/15
v=[2, 6, 8, 10, 14, 22, 48] gap=2/15
v=[2, 6, 8, 10, 26, 28, 36] gap=2/15
v=[2, 8, 10, 12, 14, 20, 22] gap=2/15
v=[2, 8, 10, 12, 14, 22, 32] gap=2/15
v=[3, 6, 9, 12, 15, 18, 42] gap=2/15
v=[3, 9, 12, 15, 18, 21, 33] gap=2/15
v=[3, 9, 12, 15, 21, 33, 36] gap=2/15
v=[3, 12, 15, 18, 21, 30, 33] gap=2/15
v=[3, 12, 15, 18, 21, 33, 48] gap=2/15
v=[4, 12, 14, 16, 20, 26, 28] gap=2/15
v=[4, 12, 16, 20, 24, 28, 44] gap=2/15
v=[4, 12, 16, 20, 28, 44, 48] gap=2/15
v=[4, 16, 20, 24, 28, 40, 44] gap=2/15
v=[6, 18, 21, 24, 30, 39, 42] gap=2/15
