v=(1,2,3,4,5,6,7) k=(0,0,0,0,0,0,0) t=1/8 gap=1/8
v=(1,2,3,4,5,7,12) k=(0,0,0,0,0,0,1) t=1/8 gap=1/8
v=(1,4,5,6,7,11,13) k=(0,0,0,0,0,1,1) t=1/8 gap=1/8
v=(2,4,6,8,10,12,14) k=(0,0,0,0,0,0,0) t=1/16 gap=2/16
v=(2,4,6,8,10,14,24) k=(0,0,0,0,0,0,1) t=1/16 gap=2/16
v=(2,8,10,12,14,22,26) k=(0,0,0,0,0,1,1) t=1/16 gap=2/16
v=(3,6,9,12,15,18,21) k=(0,0,0,0,0,0,0) t=1/24 gap=3/24
v=(3,6,9,12,15,21,36) k=(0,0,0,0,0,0,1) t=1/24 gap=3/24
v=(3,12,15,18,21,33,39) k=(0,0,0,0,0,1,1) t=1/24 gap=3/24
v=(4,8,12,16,20,24,28) k=(0,0,0,0,0,0,0) t=1/32 gap=4/32
v=(4,8,12,16,20,28,48) k=(0,0,0,0,0,0,1) t=1/32 gap=4/32
v=(5,10,15,20,25,30,35) k=(0,0,0,0,0,0,0) t=1/40 gap=5/40
v=(6,12,18,24,30,36,42) k=(0,0,0,0,0,0,0) t=1/48 gap=6/48
v=(7,14,21,28,35,42,49) k=(0,0,0,0,0,0,0) t=1/56 gap=7/56
