v=(1,2,3,4,5) k=(0,0,0,0,0) t=1/6 gap=1/6
v=(1,3,4,5,9) k=(0,0,0,0,1) t=1/6 gap=1/6
v=(2,4,6,8,10) k=(0,0,0,0,0) t=1/12 gap=2/12
v=(2,6,8,10,18) k=(0,0,0,0,1) t=1/12 gap=2/12
v=(3,6,9,12,15) k=(0,0,0,0,0) t=1/18 gap=3/18
v=(3,9,12,15,27) k=(0,0,0,0,1) t=1/18 gap=3/18
v=(4,8,12,16,20) k=(0,0,0,0,0) t=1/24 gap=4/24
v=(4,12,16,20,36) k=(0,0,0,0,1) t=1/24 gap=4/24
v=(5,10,15,20,25) k=(0,0,0,0,0) t=1/30 gap=5/30
v=(5,15,20,25,45) k=(0,0,0,0,1) t=1/30 gap=5/30
v=(6,12,18,24,30) k=(0,0,0,0,0) t=1/36 gap=6/36
v=(7,14,21,28,35) k=(0,0,0,0,0) t=1/42 gap=7/42
v=(8,16,24,32,40) k=(0,0,0,0,0) t=1/48 gap=8/48
v=(9,18,27,36,45) k=(0,0,0,0,0) t=1/54 gap=9/54
v=(10,20,30,40,50) k=(0,0,0,0,0) t=1/60 gap=10/60
